x,orig,origS,noisy,TV,TV2,TV1a2,TV1R
0,-2.35619449019234,-2.35619449019234,-2.47649032636554,-2.07703670595234,-2.34909785819422,-2.2686347016824,-2.07703670595234
0.00200400801603206,-2.28094797075664,-2.28094797075664,-2.22128941797778,-2.07660989469714,-2.29062148753302,-2.22368739471343,-2.07660989469714
0.00400801603206413,-2.20630705711117,-2.20630705711117,-2.2833398410291,-2.07660989469714,-2.23247262998189,-2.17848121329013,-2.07660989469714
0.00601202404809619,-2.13227174925592,-2.13227174925592,-1.93201587289374,-2.03791456042755,-2.17516367912002,-2.13317043393163,-2.03791456042755
0.00801603206412826,-2.05884204719089,-2.05884204719089,-1.85764203600437,-2.03791456042755,-2.11785472825816,-2.08785965457312,-2.03791456042755
0.0100200400801603,-1.9860179509161,-1.9860179509161,-2.25926469984974,-2.03686962136419,-2.06073113330554,-2.04134228682935,-2.03686962136419
0.0120240480961924,-1.91379946043153,-1.91379946043153,-2.10064599866289,-2.03686962136419,-2.0018217193659,-1.99264059227552,-2.03686962136419
0.0140280561122244,-1.84218657573719,-1.84218657573719,-2.00698935504563,-2.00698883438545,-1.94291230542626,-1.94393889772169,-2.00698883438545
0.0160320641282565,-1.77117929683308,-1.77117929683308,-1.85339103322622,-1.93120346182632,-1.88116536178319,-1.88576684141783,-1.93120346182632
0.0180360721442886,-1.70077762371919,-1.70077762371919,-2.00783823863049,-1.93002565903193,-1.81754355585958,-1.82579179859865,-1.93002565903193
0.0200400801603206,-1.63098155639553,-1.63098155639553,-1.59017050502291,-1.67846825541461,-1.75392174993597,-1.76126904107751,-1.67846825541461
0.0220440881763527,-1.56179109486209,-1.56179109486209,-1.6593646870927,-1.67737358598425,-1.68711017572939,-1.69360449455489,-1.67737358598425
0.0240480961923848,-1.49320623911889,-1.49320623911889,-1.69266586291679,-1.67737358598425,-1.61871808451025,-1.62455190742118,-1.67737358598425
0.0260521042084168,-1.42522698916591,-1.42522698916591,-1.76729328573016,-1.67627891655389,-1.55032599329111,-1.55549932028747,-1.67627891655389
0.0280561122244489,-1.35785334500316,-1.35785334500316,-1.43961811391216,-1.55920937281821,-1.47912927935972,-1.48394395830423,-1.55920937281821
0.030060120240481,-1.29108530663063,-1.29108530663063,-1.67762288142685,-1.55803157002381,-1.40779636268636,-1.41241075259361,-1.55803157002381
0.032064128256513,-1.22492287404833,-1.22492287404833,-0.823172871835773,-1.1069699622911,-1.336463446013,-1.34087754688298,-1.1069699622911
0.0340681362725451,-1.15936604725626,-1.15936604725626,-1.34220072295727,-1.10582897644867,-1.26529003600581,-1.26976607345005,-1.10582897644867
0.0360721442885772,-1.09441482625442,-1.09441482625442,-0.900206856620808,-1.10582897644867,-1.19513434090535,-1.19969606242071,-1.10582897644867
0.0380761523046092,-1.0300692110428,-1.0300692110428,-1.31653581947816,-1.10472011736315,-1.12497864580489,-1.12962605139137,-1.10472011736315
0.0400801603206413,-0.966329201621409,-0.966329201621409,-1.14595167962274,-1.10472011736315,-1.05537234006386,-1.06010518570556,-1.10472011736315
0.0420841683366733,-0.903194797990246,-0.903194797990246,-1.03766707082071,-1.03766695762742,-0.985518858610508,-0.990122127610429,-1.03766695762742
0.0440881763527054,-0.84066600014931,-0.84066600014931,-0.978343786157668,-0.978343778853489,-0.915665377157159,-0.9201390695153,-0.978343778853489
0.0460921843687375,-0.7787428080986,-0.7787428080986,-0.857364266141651,-0.857364312315643,-0.84619379607226,-0.850060657221277,-0.857364312315643
0.0480961923847695,-0.717425221838118,-0.717425221838118,-0.725943753554209,-0.844190591063292,-0.777881614513371,-0.78059034009718,-0.844190591063292
0.0501002004008016,-0.656713241367862,-0.656713241367862,-0.961259737480999,-0.843012788268894,-0.709569432954483,-0.711120022973082,-0.843012788268894
0.0521042084168337,-0.596606866687833,-0.596606866687833,-0.333990608953827,-0.549575339259692,-0.644122506064817,-0.643382999741631,-0.549575339259692
0.0541082164328657,-0.537106097798032,-0.537106097798032,-0.544776603857702,-0.548569573340747,-0.581029241196654,-0.577093086976791,-0.548569573340747
0.0561122244488978,-0.478210934698457,-0.478210934698457,-0.767947255369289,-0.548569573340747,-0.517935976328491,-0.51080317421195,-0.548569573340747
0.0581162324649299,-0.41992137738911,-0.41992137738911,-0.333660359387746,-0.333660414323925,-0.45927887709225,-0.447171085710275,-0.333660414323925
0.0601202404809619,-0.362237425869989,-0.362237425869989,-0.000282493996493605,-0.288894251871221,-0.403643159053709,-0.385498433791376,-0.288894251871221
0.062124248496994,-0.305159080141095,-0.305159080141095,-0.35623187051355,-0.287888942025812,-0.348007441015168,-0.336092406044849,-0.287888942025812
0.064128256513026,-0.248686340202429,-0.248686340202429,-0.329676611987191,-0.287888942025812,-0.296777163452738,-0.289140755909743,-0.287888942025812
0.0661322645290581,-0.19281920605399,-0.19281920605399,-0.309182644050542,-0.287006084170563,-0.245601378971096,-0.241458241412396,-0.287006084170563
0.0681362725450902,-0.137557677695776,-0.137557677695776,-0.443310705858253,-0.287006084170563,-0.194425594489453,-0.193775726915049,-0.287006084170563
0.0701402805611222,-0.0829017551277906,-0.0829017551277906,0.175606363762453,-0.0831195421290115,-0.144358619031511,-0.145713348634838,-0.0831195421290115
0.0721442885771543,-0.0288514383500322,-0.0288514383500322,-0.011387483951325,-0.0831195421290115,-0.0937080080806288,-0.0966069872170676,-0.0831195421290115
0.0741482965931864,0.0245932726374996,0.0245932726374996,-0.261821012430955,-0.0822629119394134,-0.0430573971297462,-0.0475006257992975,-0.0822629119394134
0.0761523046092184,0.0774323778348043,0.0774323778348043,-0.233162748586525,-0.0822629119394134,0.00951582110946232,0.00447393622844847,-0.0822629119394134
0.0781563126252505,0.129665877241881,0.129665877241881,0.0659014214816254,0.0456855989528262,0.0634300833934056,0.0587572365127429,0.0456855989528262
0.0801603206412826,0.181293770858732,0.181293770858732,0.0254697741364112,0.0456855989528262,0.117344345677349,0.113040536797037,0.0456855989528262
0.0821643286573146,0.232316058685356,0.232316058685356,0.227397593298951,0.14860653563603,0.172620416111428,0.169344840531817,0.14860653563603
0.0841683366733467,0.282732740721753,0.282732740721753,0.166135894162,0.14860653563603,0.227363083720035,0.22540751401532,0.14860653563603
0.0861723446893788,0.332543816967922,0.332543816967922,0.0534021195868767,0.149722612985795,0.282105751328643,0.281470187498824,0.149722612985795
0.0881763527054108,0.381749287423865,0.381749287423865,0.647836138859523,0.521715483775722,0.334955453033101,0.336257421143885,0.521715483775722
0.0901803607214429,0.430349152089581,0.430349152089581,0.595578126629925,0.522737439660715,0.385092787598742,0.388630395947037,0.522737439660715
0.0921843687374749,0.478343410965069,0.478343410965069,0.328206203456175,0.522737439660715,0.435230122164384,0.43725640775746,0.522737439660715
0.094188376753507,0.525732064050331,0.525732064050331,0.519329679001563,0.523759395545709,0.481219506666548,0.482291469776906,0.523759395545709
0.0961923847695391,0.572515111345365,0.572515111345365,0.680409314672753,0.613525625363894,0.525321331432399,0.52561751079693,0.613525625363894
0.0981963927855711,0.618692552850173,0.618692552850173,0.584672165228912,0.614674859206836,0.56942315619825,0.568943551816955,0.614674859206836
0.100200400801603,0.664264388564754,0.664264388564754,0.812777845440246,0.614674859206836,0.610203628493075,0.609288271966914,0.614674859206836
0.102204408817635,0.709230618489108,0.709230618489108,0.599076091723678,0.615652937666279,0.651394247571205,0.650102863120692,0.615652937666279
0.104208416833667,0.753591242623235,0.753591242623235,0.397245705920012,0.615652937666279,0.692584866649334,0.69091745427447,0.615652937666279
0.106212424849699,0.797346260967135,0.797346260967135,0.769289108903193,0.711093865344143,0.734557575636929,0.73264910904038,0.711093865344143
0.108216432865731,0.840495673520808,0.840495673520808,0.652898543811346,0.711093865344143,0.777752008045323,0.775609094156738,0.711093865344143
0.110220440881764,0.883039480284254,0.883039480284254,0.864159556184969,0.781994040199537,0.820946440453718,0.818569079273097,0.781994040199537
0.112224448897796,0.924977681257473,0.924977681257473,0.699828438244824,0.781994040199537,0.865908226115167,0.863341846233998,0.781994040199537
0.114228456913828,0.966310276440465,0.966310276440465,0.928906393134144,0.928906364413375,0.910913443471686,0.908199410699403,0.928906364413375
0.11623246492986,1.00703726583323,1.00703726583323,1.08937622300693,0.970346761259319,0.955918660828206,0.953056975164808,0.970346761259319
0.118236472945892,1.04715864943577,1.04715864943577,1.00334216875755,0.971406383401154,1.00080738497148,0.997920650423259,0.971406383401154
0.120240480961924,1.08667442724808,1.08667442724808,1.14075914356887,0.971406383401154,1.04515570823812,1.04241414914372,0.971406383401154
0.122244488977956,1.12558459927016,1.12558459927016,0.652147891273503,0.972466005542989,1.08950403150476,1.08690764786419,0.972466005542989
0.124248496993988,1.16388916550202,1.16388916550202,1.46276988302177,1.23618233997921,1.13241268680524,1.1303398271926,1.23618233997921
0.12625250501002,1.20158812594365,1.20158812594365,1.15397597825176,1.23724806210045,1.17381512451943,1.17263787423623,1.23724806210045
0.128256513026052,1.23868148059505,1.23868148059505,1.3301137121892,1.23724806210045,1.21521756223362,1.21493592127985,1.23724806210045
0.130260521042084,1.27516922945623,1.27516922945623,1.064890890254,1.2382647119789,1.25423015712842,1.25560572698833,1.2382647119789
0.132264529058116,1.31105137252718,1.31105137252718,1.17545748693262,1.2382647119789,1.29158207895414,1.29518431753044,1.2382647119789
0.134268537074148,1.3463279098079,1.3463279098079,1.53726245355694,1.43181311758211,1.32893400077985,1.33476290807255,1.43181311758211
0.13627254509018,1.38099884129839,1.38099884129839,1.32636509073092,1.43181311758211,1.36249022868865,1.371648622692,1.43181311758211
0.138276553106212,1.41506416699866,1.41506416699866,1.90999346378967,1.45726205438032,1.39344659598514,1.4065266975483,1.45726205438032
0.140280561122244,1.4485238869087,1.4485238869087,1.27969023537957,1.45726205438032,1.42440296328163,1.4331851959309,1.45726205438032
0.142284569138277,1.48137800102852,1.48137800102852,1.43028082181806,1.45789140440221,1.45222627470601,1.45775902961374,1.45789140440221
0.144288577154309,1.5136265093581,1.5136265093581,1.51939700016651,1.45789140440221,1.48106164002181,1.48363165490399,1.45789140440221
0.146292585170341,1.54526941189746,1.54526941189746,1.27170299716357,1.45878070198104,1.50989700533762,1.50950428019424,1.45878070198104
0.148296593186373,1.5763067086466,1.5763067086466,1.67161028417976,1.45878070198104,1.5401328369139,1.53729750720107,1.45878070198104
0.150300601202405,1.6067383996055,1.6067383996055,1.37335599690505,1.45966887965606,1.57255038897265,1.56726886724414,1.45966887965606
0.152304609218437,1.63656448477418,1.63656448477418,1.21117388023186,1.45966887965606,1.6049679410314,1.5988332966452,1.45966887965606
0.154308617234469,1.66578496415263,1.66578496415263,2.01641734838749,1.7732423247883,1.64005879509781,1.63313252531225,1.7732423247883
0.156312625250501,1.69439983774086,1.69439983774086,1.61217043628295,1.7732423247883,1.6756406814124,1.66787795070962,1.7732423247883
0.158316633266533,1.72240910553886,1.72240910553886,1.70111094129435,1.77422369642917,1.71122256772698,1.70262337610698,1.77422369642917
0.160320641282565,1.74981276754663,1.74981276754663,1.87084160014632,1.77422369642917,1.74795123813062,1.73851745310724,1.77422369642917
0.162324649298597,1.77661082376417,1.77661082376417,2.0342851003351,1.7751103611312,1.78502554957162,1.77488965783013,1.7751103611312
0.164328657314629,1.80280327419149,1.80280327419149,1.70784744326666,1.7751103611312,1.82209986101261,1.81126186255303,1.7751103611312
0.166332665330661,1.82839011882858,1.82839011882858,1.5317402618493,1.7759620703989,1.86126600699165,1.85008569583797,1.7759620703989
0.168336673346693,1.85337135767544,1.85337135767544,1.82021088909087,1.7759620703989,1.90171410882224,1.89085006242982,1.7759620703989
0.170340681362725,1.87774699073208,1.87774699073208,1.67955178134486,1.77709886360892,1.94216221065283,1.93161442902168,1.77709886360892
0.172344689378758,1.90151701799849,1.90151701799849,2.19357929556217,2.0353486950123,1.98306011389311,1.97398168483224,2.0353486950123
0.17434869739479,1.92468143947467,1.92468143947467,1.87829601187136,2.0365264978067,2.02169250784921,2.01520073488726,2.0365264978067
0.176352705410822,1.94724025516063,1.94724025516063,2.21566587153796,2.13297109527626,2.0603249018053,2.05641978494228,2.13297109527626
0.178356713426854,1.96919346505636,1.96919346505636,2.33672475271251,2.13392570753807,2.09420013776667,2.09517214563092,2.13392570753807
0.180360721442886,1.99054106916186,1.99054106916186,2.00763187273643,2.13392570753807,2.12429806469237,2.11624358696214,2.13392570753807
0.182364729458918,2.01128306747713,2.01128306747713,2.29962750580075,2.1346271522412,2.15439599161807,2.13731502829337,2.1346271522412
0.18436873747495,2.03141946000218,2.03141946000218,2.20627060843407,2.1346271522412,2.17756604775618,2.13860150984107,2.1346271522412
0.186372745490982,2.050950246737,2.050950246737,2.34837742159266,2.13507516218034,2.17660290034479,2.13878765241125,2.13507516218034
0.188376753507014,2.06987542768159,2.06987542768159,2.47607140695494,2.13507516218034,2.17563975293339,2.13897379498143,2.13507516218034
0.190380761523046,2.08819500283596,2.08819500283596,2.00178203045819,2.13513678353843,2.16913244213564,2.13792172195697,2.13513678353843
0.192384769539078,2.1059089722001,2.1059089722001,1.96488768899775,2.13513678353843,2.16238104580855,2.13752970764435,2.13513678353843
0.19438877755511,2.12301733577401,2.12301733577401,2.09650583407048,2.13519936051713,2.15562964948145,2.13713769333174,2.13519936051713
0.196392785571142,2.1395200935577,2.1395200935577,2.0782555406771,2.13519936051713,2.14753006401309,2.13700187913341,2.13519936051713
0.198396793587174,2.15541724555115,2.15541724555115,2.29434700576237,2.13534565420079,2.13906547474572,2.13604444859662,2.13534565420079
0.200400801603206,2.17070879175439,2.17070879175439,2.18544068436837,2.13534565420079,2.13060088547835,2.13508701805982,2.13534565420079
0.202404809619238,2.18539473216739,2.18539473216739,2.34652835205107,2.13520657757906,2.12160859907465,2.13266998084892,2.13520657757906
0.204408817635271,2.19947506679017,2.19947506679017,2.03991171542623,2.13520657757906,2.11462109655969,2.1304559619548,2.13520657757906
0.206412825651303,2.21294979562272,2.21294979562272,2.23293370313611,2.13486014673177,2.10763359404472,2.12824194306068,2.13486014673177
0.208416833667335,2.22581891866504,2.22581891866504,1.71618110835338,2.13486014673177,2.10562411383787,2.12691925487498,2.13486014673177
0.210420841683367,2.23808243591714,2.23808243591714,1.75356363085926,2.13513947590478,2.10786935558109,2.12794888979637,2.13513947590478
0.212424849699399,2.24974034737901,2.24974034737901,2.13246860020372,2.13513947590478,2.13306446753946,2.15368227589134,2.13513947590478
0.214428857715431,2.26079265305065,2.26079265305065,1.97174178669486,2.13617754629813,2.16447965643973,2.18322192409186,2.13617754629813
0.216432865731463,2.27123935293207,2.27123935293207,2.42182579983818,2.13617754629813,2.19625988926966,2.21341423826382,2.13617754629813
0.218436873747495,2.28108044702325,2.28108044702325,1.84496614994045,2.13735089665254,2.22804012209958,2.24360655243577,2.13735089665254
0.220440881763527,2.29031593532422,2.29031593532422,2.48351583906722,2.39690720670418,2.26005324475492,2.2744264533104,2.39690720661898
0.222444889779559,2.29894581783495,2.29894581783495,2.46169816994838,2.39796774699475,2.28929455538388,2.30376898945007,2.39796774690954
0.224448897795591,2.30697009455546,2.30697009455546,2.26906115837851,2.39796774699475,2.31853586601284,2.33311152558974,2.39796774690954
0.226452905811623,2.31438876548574,2.31438876548574,2.37868321347258,2.39902828728531,2.34294864899533,2.36003942790417,2.39902828720011
0.228456913827655,2.32120183062579,2.32120183062579,2.52053190986923,2.40019548965849,2.36341485131196,2.38490346785301,2.40019548957329
0.230460921843687,2.32740928997562,2.32740928997562,2.49903814348908,2.40120310228693,2.38388105362859,2.39948920296544,2.40120310220174
0.232464929859719,2.33301114353522,2.33301114353522,2.59170554837526,2.40120310228693,2.38810948584036,2.40050138471754,2.40120310220174
0.234468937875752,2.33800739130459,2.33800739130459,2.5695382611822,2.40176001804195,2.38981998461474,2.4008604479444,2.40176001795676
0.236472945891784,2.34239803328374,2.34239803328374,2.47656514071675,2.40176001804195,2.39153048338912,2.40121951117127,2.40176001795676
0.238476953907816,2.34618306947266,2.34618306947266,2.22745415343881,2.40211514346692,2.39002229861759,2.40089177544787,2.40211514338172
0.240480961923848,2.34936249987135,2.34936249987135,2.2606350981687,2.40211514346692,2.39009466799347,2.40080457462261,2.40211514338172
0.24248496993988,2.35193632447981,2.35193632447981,2.47557065415977,2.40260290387809,2.39016703736935,2.40071737379736,2.4026029037929
0.244488977955912,2.35390454329805,2.35390454329805,2.1476778239205,2.40260290387809,2.39283988060255,2.40098986307267,2.4026029037929
0.246492985971944,2.35526715632606,2.35526715632606,2.46634542227608,2.40329500024982,2.39808943533051,2.40201569837915,2.40329500016463
0.248496993987976,2.35602416356384,2.35602416356384,2.26850123332991,2.40329500024982,2.40333899005846,2.40304153368562,2.40329500016463
0.250501002004008,2.36249026705325,2.36249026705325,2.57476393371703,2.40410888183209,2.4129902481386,2.40524932947745,2.40410888174689
0.25250501002004,2.38767337449685,2.38767337449685,2.59055296082644,2.40410888183209,2.42566290872584,2.40863633859664,2.40410888174689
0.254509018036072,2.41285648194046,2.41285648194046,2.05758633899212,2.40501951861916,2.43833556931308,2.41202334771582,2.40501951853397
0.256513026052104,2.43803958938406,2.43803958938406,2.49523868019978,2.40501951861916,2.45802126234343,2.43996120693132,2.40501951853397
0.258517034068136,2.46322269682767,2.46322269682767,2.22373987636369,2.40612643208292,2.48119206653782,2.46984949278023,2.40612643199773
0.260521042084168,2.48840580427127,2.48840580427127,2.50624252672513,2.47768099016768,2.50436287073222,2.49973777862914,2.47768099005243
0.2625250501002,2.51358891171488,2.51358891171488,2.69147779849491,2.47866949914292,2.53284560627272,2.53205539872206,2.47866949902767
0.264529058116232,2.53877201915848,2.53877201915848,2.2372981700289,2.47866949914292,2.56232466910273,2.5644445464494,2.47866949902767
0.266533066132265,2.56395512660209,2.56395512660209,2.84242231331486,2.70649800795101,2.59180373193274,2.59683369417674,2.70649776260034
0.268537074148297,2.5891382340457,2.5891382340457,2.62412498482924,2.70649800795101,2.62285305428794,2.62896819053751,2.70649776260034
0.270541082164329,2.6143213414893,2.6143213414893,2.83517045905648,2.70742715820949,2.6525907511987,2.65937758613398,2.70742691285883
0.272545090180361,2.63950444893291,2.63950444893291,2.52613368529932,2.70742715820949,2.68232844810946,2.68978698173045,2.70742691285883
0.274549098196393,2.66468755637651,2.66468755637651,2.82819942669567,2.77784162104278,2.71022360612453,2.71746996694053,2.77782819040645
0.276553106212425,2.68987066382012,2.68987066382012,2.78603268419691,2.77784162104278,2.73658828032389,2.74352545670642,2.77782819040645
0.278557114228457,2.71505377126372,2.71505377126372,2.75773340391436,2.77895173184931,2.76295295452325,2.76958094647231,2.77893830121297
0.280561122244489,2.74023687870733,2.74023687870733,2.77496815036823,2.77895173184931,2.78661961654285,2.79266275161338,2.77893830121297
0.282565130260521,2.76541998615094,2.76541998615094,2.89376907342913,2.77998621259818,2.80883865091157,2.8143203134842,2.77997278196185
0.284569138276553,2.79060309359454,2.79060309359454,2.72591738424707,2.77998621259818,2.83105768528029,2.83597787535502,2.77997278196185
0.286573146292585,2.81578620103815,2.81578620103815,2.68798778783708,2.78104922125892,2.85069124322447,2.85501834853181,2.78103579062258
0.288577154308617,2.84096930848175,2.84096930848175,3.06843368665003,2.93028633385067,2.86847784198299,2.87218543317692,2.78596799412195
0.290581162324649,2.86615241592536,2.86615241592536,3.04041873836818,2.93127067888873,2.88626444074152,2.88917867845259,2.78672508280871
0.292585170340681,2.89133552336896,2.89133552336896,2.91049578106932,2.93127067888873,2.90075400699214,2.90274784919104,2.78672508280871
0.294589178356713,2.91651863081257,2.91651863081257,3.13602872730705,2.93191788338999,2.91474112707646,2.91559936652654,2.78669003051357
0.296593186372746,2.94170173825617,2.94170173825617,2.8568328884081,2.93191788338999,2.92872824716079,2.92845088386203,2.78669003051357
0.298597194388778,2.96688484569978,2.96688484569978,2.83321769119593,2.9325580963768,2.94284517113092,2.94097247902796,2.78619152247347
0.30060120240481,2.99206795314339,2.99206795314339,3.00423237460072,2.9325580963768,2.95924890261525,2.95537874452638,2.78619152247347
0.302605210420842,3.01725106058699,3.01725106058699,2.60565857219807,2.93353544990041,2.97565263409959,2.9697850100248,2.78557124923768
0.304609218436874,3.0424341680306,3.0424341680306,3.02223031977495,2.95306037518719,2.99572121796292,2.99110483438342,2.78557124923768
0.306613226452906,3.0676172754742,3.0676172754742,2.88506464442343,2.95423817798159,3.01756943289937,3.01377345306581,2.78465734306008
0.308617234468938,3.09280038291781,3.09280038291781,-2.91617215068693,3.07021258420391,3.03941764783583,3.03644207174821,-2.25485802827806
0.31062124248497,3.11798349036141,3.11798349036141,-3.09527205405547,3.07106609611105,3.06417263004335,3.0612193765066,-2.25485802827806
0.312625250501002,-3.14001870937457,3.14316659780502,2.86623079481219,3.07106609611105,3.09095074129573,3.08770328475196,1.36450264662591
0.314629258517034,-3.11483560193096,3.16834970524862,-3.12021512758454,3.07168429016716,3.11772885254812,3.11418719299731,-1.61848697980744
0.316633266533066,-3.08965249448736,3.19353281269223,2.77158565862906,3.07168429016716,-3.13429686399378,-3.13871147181767,1.26985751085196
0.318637274549098,-3.06446938704375,3.21871592013583,-3.12927272543482,-3.12927266701507,-3.10223525516141,-3.10463666762449,-2.75262754722118
0.32064128256513,-3.03928627960015,3.24389902757944,-3.02615505629461,-3.02615526476585,-3.07017364632905,-3.07056186343131,-2.75262754722118
0.322645290581162,-3.01410317215654,3.26908213502305,-2.9977319119661,-2.99773192958311,-3.03751328369446,-3.03596376485029,-2.75280695457927
0.324649298597194,-2.98892006471293,3.29426524246665,-2.88308311131302,-2.94775367349188,-3.00685359041416,-3.00310968509556,-2.75280695457927
0.326653306613226,-2.96373695726933,3.31944834991026,-3.01124608137826,-2.94657587069748,-2.97619389713386,-2.97025560534083,-2.75227363007473
0.328657314629259,-2.93855384982572,3.34463145735386,-2.66023199912322,-2.89586542740568,-2.94911621639708,-2.94050218781954,-2.75227363007473
0.330661322645291,-2.91337074238212,3.36981456479747,-2.94802519038434,-2.89483030809722,-2.9240915699902,-2.91740829370881,-2.75135270040294
0.332665330661323,-2.88818763493851,3.39499767224107,-2.6133713719844,-2.89483030809722,-2.89906692358332,-2.89431439959807,-2.75135270040294
0.334669338677355,-2.86300452749491,3.42018077968468,-2.84409607590084,-2.89419797090781,-2.87693025166693,-2.87344439143952,-2.75038512954995
0.336673346693387,-2.8378214200513,3.44536388712829,-2.90740654816011,-2.89419797090781,-2.85400288131906,-2.85151200521501,-2.75038512954995
0.338677354709419,-2.8126383126077,3.47054699457189,3.06559716759321,-2.89356141933144,-2.83107551097119,-2.82957961899051,1.56386901939327
0.340681362725451,-2.78745520516409,3.4957301020155,-3.07032598791905,-2.89356141933144,-2.80660639339405,-2.80561396187706,-2.565424008776
0.342685370741483,-2.76227209772048,3.5209132094591,-2.60059821855337,-2.75280934841895,-2.78198143546697,-2.78139061011873,-2.56617853548221
0.344689378757515,-2.73708899027688,3.54609631690271,-2.90502030640121,-2.75280934841895,-2.75735647753989,-2.7571672583604,-2.56617853548221
0.346693386773547,-2.71190588283327,3.57127942434631,-2.6118437386382,-2.64013966281312,-2.73346150577673,-2.73348319599704,-2.56620780190052
0.348697394789579,-2.68672277538967,3.59646253178992,-2.61163349859566,-2.64013966281312,-2.71107079079209,-2.7113632019814,-2.56620780190052
0.350701402805611,-2.66153966794606,3.62164563923352,-2.69577607825649,-2.63898396177407,-2.68868007580746,-2.68924320796577,-2.5657972295561
0.352705410821643,-2.63635656050246,3.64682874667713,-2.29052502396137,-2.62400806673376,-2.66905310485607,-2.66999821346579,-2.5657972295561
0.354709418837675,-2.61117345305885,3.67201185412074,-2.74831601349046,-2.6229930379535,-2.64975958912053,-2.65126647202275,-2.56532118703362
0.356713426853707,-2.58599034561525,3.69719496156434,-2.64727314569893,-2.6229930379535,-2.63046607338499,-2.63253473057972,-2.56532118703362
0.35871743486974,-2.56080723817164,3.72237806900795,-2.57650253937201,-2.62215746960913,-2.6111043586148,-2.61406981199042,-2.56484430458582
0.360721442885772,-2.53562413072803,3.74756117645155,-2.71001869544261,-2.62215746960913,-2.59010235260181,-2.59418663139577,-2.56484430458582
0.362725450901804,-2.51044102328443,3.77274428389516,-2.64072025145373,-2.62125472991496,-2.56910034658883,-2.57430345080112,-2.56412071644453
0.364729458917836,-2.48525791584082,3.79792739133876,-2.74347187138632,-2.62125472991496,-2.54519003917748,-2.55191061363644,-2.56412071644453
0.366733466933868,-2.46007480839722,3.82311049878237,-2.5603504731552,-2.56035017565809,-2.52013973268538,-2.52850880990923,-2.56028721903739
0.3687374749499,-2.43489170095361,3.84829360622597,-2.37185578904206,-2.50530674919223,-2.49508942619327,-2.50510700618202,-2.50530636977413
0.370741482965932,-2.40970859351001,3.87347671366958,-2.49880960161206,-2.50423755226247,-2.46846198321289,-2.48031545107038,-2.50423717284437
0.372745490981964,-2.3845254860664,3.89865982111318,-2.5679084286635,-2.50423755226247,-2.4418994026994,-2.45542134932653,-2.50423717284437
0.374749498997996,-2.3593423786228,3.92384292855679,-2.47120861822475,-2.50325230317253,-2.41533682218591,-2.43052724758268,-2.50325192375443
0.376753507014028,-2.36170329494563,3.92148201223395,-2.61050491818914,-2.50325230317253,-2.38921267734447,-2.40562941538168,-2.50325192375443
0.37875751503006,-2.36799907180654,3.91518623537305,-2.04012238354341,-2.40299553678893,-2.3660547730991,-2.38295527003623,-2.4029955361166
0.380761523046092,-2.37429484866744,3.90889045851215,-2.27528112205799,-2.40299553678893,-2.34289686885373,-2.36028112469078,-2.4029955361166
0.382765531062124,-2.38059062552834,3.90259468165125,-2.37100972779141,-2.40251161695542,-2.32499613967056,-2.35835638971016,-2.40251161628309
0.384769539078156,-2.38688640238924,3.89629890479035,-2.33471876555487,-2.40251161695542,-2.31056563078398,-2.35823378553957,-2.40251161628309
0.386773547094188,-2.39318217925014,3.89000312792945,-1.91496580848752,-2.40258816301264,-2.29613512189739,-2.35811118136898,-2.40258816234031
0.38877755511022,-2.39947795611104,3.88370735106854,-1.9783978280806,-2.40258816301264,-2.31092919914367,-2.36178204038085,-2.40258816234031
0.390781563126253,-2.40577373297194,3.87741157420764,-2.45188587050573,-2.41126580124893,-2.32699220242841,-2.37204932890911,-2.41126580057682
0.392785571142285,-2.41206950983284,3.87111579734674,-2.4603435562059,-2.41126580124893,-2.34305520571314,-2.38231661743738,-2.41126580057682
0.394789579158317,-2.41836528669375,3.86482002048584,-2.32272062846051,-2.41241183125793,-2.36071640068341,-2.39327921243628,-2.41241183058581
0.396793587174349,-2.42466106355465,3.85852424362494,-2.43954767114421,-2.4280423429697,-2.37674160382582,-2.4028604164047,-2.42804234230074
0.398797595190381,-2.43095684041555,3.85222846676404,-2.77400581870791,-2.42894098638851,-2.39276680696822,-2.41244162037312,-2.42894098571954
0.400801603206413,-2.43725261727645,3.84593268990314,-2.46393690701053,-2.42894098638851,-2.40638154714892,-2.41983796763563,-2.42894098571954
0.402805611222445,-2.44354839413735,3.83963691304223,-2.43823612080566,-2.42952641032526,-2.41911705220283,-2.42667253424481,-2.42952640965629
0.404809619238477,-2.44984417099825,3.83334113618133,-2.37078446501358,-2.42952641032526,-2.43185255725674,-2.43350710085398,-2.42952640965629
0.406813627254509,-2.45613994785915,3.82704535932043,-2.41091404039691,-2.43013887867125,-2.44360984964175,-2.43989234983916,-2.43013887800228
0.408817635270541,-2.46243572472006,3.82074958245953,-2.41027361488323,-2.43013887867125,-2.45566329053472,-2.44692140637228,-2.43013887800228
0.410821643286573,-2.46873150158096,3.81445380559863,-2.16020191403515,-2.4310400893789,-2.46771673142768,-2.4539504629054,-2.43104008870993
0.412825651302605,-2.47502727844186,3.80815802873773,-2.39941654175531,-2.4310400893789,-2.47956481664937,-2.46151222974289,-2.43104008870993
0.414829659318637,-2.48132305530276,3.80186225187683,-2.57150671935722,-2.48463559219094,-2.48958038221973,-2.46788045672045,-2.48463559187681
0.416833667334669,-2.48761883216366,3.79556647501593,-2.52821318259634,-2.48463559219094,-2.49959594779008,-2.47424868369801,-2.48463559187681
0.418837675350701,-2.49391460902456,3.78927069815502,-2.71391185624163,-2.48546554935509,-2.50544221740023,-2.47788007237206,-2.48546554904097
0.420841683366733,-2.50021038588546,3.78297492129412,-2.55128681019572,-2.48546554935509,-2.50831614201217,-2.47992969825911,-2.48546554904097
0.422845691382766,-2.50650616274637,3.77667914443322,-2.63865485745221,-2.48591197167136,-2.51119006662411,-2.48197932414616,-2.48591197135723
0.424849699398798,-2.51280193960727,3.77038336757232,-2.41737149913453,-2.48591197167136,-2.50931468939542,-2.48200723570668,-2.48591197135723
0.42685370741483,-2.51909771646817,3.76408759071142,-2.5401092980175,-2.48619926828222,-2.50574912735969,-2.48209452218525,-2.48619926796809
0.428857715430862,-2.52539349332907,3.75779181385052,-2.34884453577085,-2.48619926828222,-2.50218356532396,-2.48218180866383,-2.48619926796809
0.430861723446894,-2.53168927018997,3.75149603698962,-2.536795136612,-2.48656694110352,-2.49506239678388,-2.48203733515494,-2.48656694078939
0.432865731462926,-2.53798504705087,3.74520026012871,-2.90959128479138,-2.48656694110352,-2.48636414493593,-2.48088406016705,-2.48656694078939
0.434869739478958,-2.54428082391177,3.73890448326781,-2.47453893275013,-2.48668086429577,-2.47766589308797,-2.47973078517915,-2.48668086398164
0.43687374749499,-2.55057660077268,3.73260870640691,-2.45740768946112,-2.48668086429577,-2.46738505725521,-2.47740208976605,-2.48668086398164
0.438877755511022,-2.55687237763358,3.72631292954601,-2.39767485967481,-2.48656527917784,-2.45950919642796,-2.47578242131428,-2.48656527886372
0.440881763527054,-2.56316815449448,3.72001715268511,-2.47410577505712,-2.48656527917784,-2.45163333560072,-2.47416275286251,-2.48656527886372
0.442885771543086,-2.56946393135538,3.71372137582421,-2.09771286930863,-2.48685761780471,-2.4485628654161,-2.47348114492423,-2.48685761749059
0.444889779559118,-2.57575970821628,3.70742559896331,-2.61037731081083,-2.48685761780471,-2.44920429440918,-2.47415555578057,-2.48685761749059
0.44689378757515,-2.58205548507718,3.7011298221024,-2.15581572095325,-2.48762829523604,-2.44984572340225,-2.47482996663691,-2.48762829492192
0.448897795591182,-2.58835126193808,3.6948340452415,-2.46559723871918,-2.48762829523604,-2.45844020686973,-2.47852448114676,-2.48762829492192
0.450901803607214,-2.59464703879899,3.6885382683806,-2.50036774785977,-2.48856956412476,-2.46991671371478,-2.48657242580565,-2.48856956381064
0.452905811623247,-2.60094281565989,3.6822424915197,-2.48760788679251,-2.48856956412476,-2.48139322055983,-2.49462037046453,-2.48856956381064
0.454909819639279,-2.60723859252079,3.6759467146588,-2.50772963889543,-2.48950356776378,-2.49826776556092,-2.50911836460552,-2.48950356744966
0.456913827655311,-2.61353436938169,3.6696509377979,-2.32394491226523,-2.48950356776378,-2.51715922210846,-2.52908578148684,-2.48950356744966
0.458917835671343,-2.61983014624259,3.663355160937,-2.55161814900322,-2.5204622641731,-2.53605067865601,-2.54905319836816,-2.52046226393115
0.460921843687375,-2.62612592310349,3.65705938407609,-2.48931252252455,-2.5204622641731,-2.55828380492513,-2.57181295101488,-2.52046226393115
0.462925851703407,-2.63242169996439,3.65076360721519,-2.52451093138476,-2.52398071955666,-2.57985031912458,-2.59415623235312,-2.52398071931472
0.464929859719439,-2.63871747682529,3.64446783035429,-2.52342658383328,-2.52398071955666,-2.60141683332404,-2.61649951369135,-2.52398071931472
0.466933867735471,-2.6450132536862,3.63817205349339,-3.1097423040864,-2.69088807442619,-2.62072850735878,-2.6369625721238,-2.69088805689703
0.468937875751503,-2.6513090305471,3.63187627663249,-2.61843970024878,-2.69088807442619,-2.63733996481379,-2.65031187526715,-2.69088805689703
0.470941883767535,-2.657604807408,3.62558049977159,-2.65897518531125,-2.69149174180548,-2.65395142226879,-2.6636611784105,-2.69149172427632
0.472945891783567,-2.6639005842689,3.61928472291069,-2.74110378730485,-2.69149174180548,-2.66648499684408,-2.6735067963377,-2.69149172427632
0.474949899799599,-2.6701963611298,3.61298894604978,-2.97591750866531,-2.69191637314066,-2.67726635768493,-2.68125660123289,-2.69191635561149
0.476953907815631,-2.6764921379907,3.60669316918888,-2.77973610614604,-2.69191637314066,-2.68804771852579,-2.68900640612808,-2.69191635561149
0.478957915831663,-2.6827879148516,3.60039739232798,-2.37190864390855,-2.69226160910533,-2.69716790808134,-2.69527827660875,-2.69226159157617
0.480961923847695,-2.68908369171251,3.59410161546708,-2.37752677445383,-2.69226160910533,-2.70764986395865,-2.70274073685703,-2.69226159157617
0.482965931863727,-2.69537946857341,3.58780583860618,-2.59288917355104,-2.69311427938231,-2.71813181983595,-2.71020319710531,-2.69311426185315
0.48496993987976,-2.70167524543431,3.58151006174528,-2.97408788769998,-2.73453762958779,-2.72877656435619,-2.71751376610153,-2.72666055994578
0.486973947895792,-2.70797102229521,3.57521428488438,-2.78873747776168,-2.73548678124719,-2.73828036088023,-2.72340764463673,-2.72759677472179
0.488977955911824,-2.71426679915611,3.56891850802347,-2.82343740590567,-2.73548678124719,-2.74778415740426,-2.72930152317194,-2.72759677472179
0.490981963927856,-2.72056257601701,3.56262273116257,-2.98051555910206,-2.73594711825854,-2.7557098684421,-2.73320179782694,-2.72801827209378
0.492985971943888,-2.72685835287791,3.55632695430167,-2.28299321314946,-2.73594711825854,-2.76398730467273,-2.73751233528404,-2.72801827209378
0.49498997995992,-2.73315412973882,3.55003117744077,-2.66691105055492,-2.73655777904865,-2.77226474090336,-2.74182287274113,-2.7285641034862
0.496993987975952,-2.73944990659972,3.54373540057987,-2.85155681384315,-2.73655777904865,-2.77995638607973,-2.74590415343533,-2.7285641034862
0.498997995991984,-2.74574568346062,3.53743962371897,-2.87131397115334,-2.73738372875818,-2.78548409163674,-2.7488730816049,-2.72929908892029
0.501002004008016,-2.74889357189107,3.53429173528852,-2.60446569934952,-2.73738372875818,-2.79101179719375,-2.75184200977446,-2.72929908892029
0.503006012024048,-2.74889357189107,3.53429173528852,-3.07259013814318,-2.73785592658599,-2.79211856934965,-2.75308311489614,-2.72965398418504
0.50501002004008,-2.74889357189107,3.53429173528852,-2.77508038535949,-2.73785592658599,-2.79010173640238,-2.75297072163577,-2.72965398418504
0.507014028056112,-2.74889357189107,3.53429173528852,-2.93766692991487,-2.73798333943829,-2.78808490345511,-2.75285832837541,-2.72963749424358
0.509018036072144,-2.74889357189107,3.53429173528852,-3.00923504593685,-2.73798333943829,-2.78045382097945,-2.74992428730068,-2.72963749424358
0.511022044088176,-2.74889357189107,3.53429173528852,-2.80521234099413,-2.73765839490192,-2.77139270670543,-2.74620244230047,-2.72914172589446
0.513026052104208,-2.74889357189107,3.53429173528852,-2.55781196945215,-2.73765839490192,-2.76233159243142,-2.74248059730026,-2.72914172589446
0.51503006012024,-2.74889357189107,3.53429173528852,-2.8145546127805,-2.73714760484122,-2.75116329655525,-2.7377762286294,-2.7284328109868
0.517034068136273,-2.74889357189107,3.53429173528852,-2.91591409675947,-2.73714760484122,-2.74078006204977,-2.73366867047766,-2.7284328109868
0.519038076152305,-2.74889357189107,3.53429173528852,-2.56201889583054,-2.73671404738273,-2.73039682754428,-2.72956111232592,-2.72777338795396
0.521042084168337,-2.74889357189107,3.53429173528852,-2.41906304566327,-2.73671404738273,-2.72212463664826,-2.72728456520706,-2.72777338795396
0.523046092184369,-2.74889357189107,3.53429173528852,-2.45560689661339,-2.73674749506612,-2.71592930162373,-2.72628932475306,-2.72755272944382
0.525050100200401,-2.74889357189107,3.53429173528852,-2.73647390669561,-2.73674749506612,-2.70973396659921,-2.72529408429907,-2.72755272944382
0.527054108216433,-2.74889357189107,3.53429173528852,-2.82079054638691,-2.73718575058113,-2.70538559029696,-2.72567007234288,-2.72770807746535
0.529058116232465,-2.74889357189107,3.53429173528852,-3.04646403171479,-2.73718575058113,-2.70014173574065,-2.72499503471937,-2.72770807746535
0.531062124248497,-2.74889357189107,3.53429173528852,-3.04951108228689,-2.73707102809379,-2.69489788118434,-2.72431999709586,-2.72728102405479
0.533066132264529,-2.74889357189107,3.53429173528852,-2.41430792689082,-2.73707102809379,-2.69037358998546,-2.72298649373754,-2.72728102405479
0.535070140280561,-2.74889357189107,3.53429173528852,-2.72885433001752,-2.73672816252958,-2.68842758147637,-2.72252192300153,-2.72659571982891
0.537074148296593,-2.74889357189107,3.53429173528852,-2.44723076740342,-2.73672816252958,-2.68648157296729,-2.72205735226552,-2.72659571982891
0.539078156312625,-2.74889357189107,3.53429173528852,-2.5585771580877,-2.73701221576804,-2.68922522157375,-2.72327777775749,-2.72650647937973
0.541082164328657,-2.74889357189107,3.53429173528852,-2.62847095508921,-2.73701221576804,-2.69440191464029,-2.72606090678889,-2.72650647937973
0.543086172344689,-2.74889357189107,3.53429173528852,-2.52630747248887,-2.7379146861802,-2.69957860770683,-2.72884403582029,-2.72700398994207
0.545090180360721,-2.74889357189107,3.53429173528852,-2.93866331638301,-2.7379146861802,-2.70808121044965,-2.73370619309326,-2.72700398994207
0.547094188376753,-2.74889357189107,3.53429173528852,-2.72933183170665,-2.73891769404471,-2.71677533097889,-2.7389764114254,-2.72756949586958
0.549098196392786,-2.74889357189107,3.53429173528852,-2.79780790503883,-2.73891769404471,-2.72546945150813,-2.74424662975754,-2.72756949586958
0.551102204408818,-2.74889357189107,3.53429173528852,-2.60120765185221,-2.73983166651044,-2.73525299051127,-2.75080248914423,-2.72801248258696
0.55310621242485,-2.74889357189107,3.53429173528852,-2.61009139041489,-2.73983166651044,-2.74469349682944,-2.75747092302782,-2.72801248258696
0.555110220440882,-2.74889357189107,3.53429173528852,-2.91252156278046,-2.78460074643605,-2.75413400314761,-2.76413935691141,-2.7284480278674
0.557114228456914,-2.74889357189107,3.53429173528852,-2.87911760658174,-2.78460074643605,-2.7622343737799,-2.7702083358241,-2.7284480278674
0.559118236472946,-2.74889357189107,3.53429173528852,-2.76300758043727,-2.78552361535896,-2.7687703286883,-2.77510007900397,-2.72868622549362
0.561122244488978,-2.74889357189107,3.53429173528852,-2.89684368748124,-2.78552361535896,-2.7753062835967,-2.77999182218384,-2.72868622549362
0.56312625250501,-2.74889357189107,3.53429173528852,-2.6200123960758,-2.78643482839184,-2.77967355855679,-2.78337277598749,-2.72873210782246
0.565130260521042,-2.74889357189107,3.53429173528852,-2.82701504293511,-2.78643482839184,-2.78295611932961,-2.78578682380457,-2.72873210782246
0.567134268537074,-2.74889357189107,3.53429173528852,-2.94960361979467,-2.78723076538676,-2.78623868010244,-2.78820087162164,-2.72848019711876
0.569138276553106,-2.74889357189107,3.53429173528852,-2.97380896965189,-2.78723076538676,-2.78737326075309,-2.78880521476732,-2.72848019711876
0.571142284569138,-2.74889357189107,3.53429173528852,-2.79327387301402,-2.78771670975501,-2.78903475299714,-2.78899191212674,-2.72773352576881
0.57314629258517,-2.74889357189107,3.53429173528852,-2.84716509858988,-2.78771670975501,-2.79069624524119,-2.78917860948616,-2.72773352576881
0.575150300601202,-2.74889357189107,3.53429173528852,-2.61348227670419,-2.78814175002913,-2.79451262843583,-2.78979432729547,-2.6788077676119
0.577154308617234,-2.74889357189107,3.53429173528852,-2.70066689685137,-2.78814175002913,-2.80159723524188,-2.79261987569524,-2.6788077676119
0.579158316633267,-2.74889357189107,3.53429173528852,-2.50641667012742,-2.78894640655187,-2.80868184204794,-2.79544542409501,-2.67784958653194
0.581162324649299,-2.74889357189107,3.53429173528852,-2.89274964328194,-2.78894640655187,-2.82086150092489,-2.81263164888862,-2.67784958653194
0.583166332665331,-2.74889357189107,3.53429173528852,-2.63154835303062,-2.79008244122517,-2.83497036751663,-2.83077077498698,-2.63154806615014
0.585170340681363,-2.74889357189107,3.53429173528852,2.9597008897522,-2.83355864519981,-2.84907923410838,-2.84890990108533,1.45797274156511
0.587174348697395,-2.74889357189107,3.53429173528852,-2.86830935741288,-2.83432561670064,-2.86668988169832,-2.86871588787716,-2.33680619759985
0.589178356713427,-2.74889357189107,3.53429173528852,-2.71078492970904,-2.83432561670064,-2.88622952031335,-2.88972886696635,-2.33680619759985
0.591182364729459,-2.74889357189107,3.53429173528852,-2.71718347317911,-2.83487091403533,-2.90576915892837,-2.91074184605555,-2.33655829916164
0.593186372745491,-2.74889357189107,3.53429173528852,-2.5521793815056,-2.83487091403533,-2.92918111135363,-2.93418600458663,-2.33655829916164
0.595190380761523,-3.14159265358979,3.14159265358979,2.86166381268874,-3.06790117190341,-2.95177468810796,-2.95625515745549,1.35993566448613
0.597194388777555,-3.14159265358979,3.14159265358979,-3.02571120136057,-3.06790117190341,-2.97436826486229,-2.97832431032434,-2.80356248990076
0.599198396793587,-3.14159265358979,3.14159265358979,-3.12750550809651,-3.06851175990916,-2.99564579709204,-2.99793281639009,-2.80431258497917
0.601202404809619,-3.14159265358979,3.14159265358979,-3.05790796983999,-3.06851175990916,-3.01617493434302,-3.01632724981578,-2.80431258497917
0.603206412825651,-3.14159265358979,3.14159265358979,-3.01079393697631,-3.0691636731037,-3.03670407159399,-3.03472168324148,-2.80427395414194
0.605210420841683,-3.14159265358979,3.14159265358979,-2.92921183356809,-3.0691636731037,-3.05645392675746,-3.05140428410616,-2.80427395414194
0.607214428857715,-3.14159265358979,3.14159265358979,-2.94411668763603,-3.07007802248601,-3.07581267879505,-3.06738391188024,-2.80366622823019
0.609218436873748,-3.14159265358979,3.14159265358979,-3.0345490353285,-3.07007802248601,-3.09517143083263,-3.08336353965431,-2.80366622823019
0.61122244488978,-3.14159265358979,3.14159265358979,2.9818158047669,-3.12233672960103,-3.11255839379945,-3.09682145987702,2.28350748380118
0.613226452905812,-3.14159265358979,3.14159265358979,3.0869273111191,-3.12233672960103,-3.1278386483573,-3.10828739691023,2.28350748380118
0.615230460921844,-3.14159265358979,3.14159265358979,-3.05971811418895,-3.12322605469341,3.14006640426443,-3.11975333394345,-2.53886938062311
0.617234468937876,-3.14159265358979,3.14159265358979,-3.11611971097337,-3.12322605469341,3.12830793335679,-3.12809345101206,-2.53886938062311
0.619238476953908,-3.14159265358979,3.14159265358979,-2.94208992438771,-3.12425563447617,3.11882335341856,-3.13518093096769,-2.53846084002021
0.62124248496994,-3.14159265358979,3.14159265358979,2.87569997007239,-3.12685251207457,3.10933877348034,3.14091689625627,2.05778323184656
0.623246492985972,-3.14159265358979,3.14159265358979,2.74159464177936,-3.12748541285155,3.10540590802196,3.14000082601837,2.05778323184656
0.625250501002004,-3.14159265358979,3.14159265358979,-2.92660885122513,-3.12748541285155,3.10405348154765,3.13988112339781,-1.4248807030665
0.627254509018036,-3.14159265358979,3.14159265358979,2.87962681498692,-3.12751445052132,3.10270105507335,3.13976142077726,2.21498425312716
0.629258517034068,-3.14159265358979,3.14159265358979,3.05206983955105,-3.12751445052132,3.10564471558039,3.14068887687974,2.21498425312716
0.6312625250501,-3.14159265358979,3.14159265358979,-2.96732601037951,-3.12752893953418,3.10919493012475,3.14121435712666,-1.4655978625578
0.633266533066132,-3.14159265358979,3.14159265358979,3.04270156766172,-3.12752893953418,3.1127451446691,-3.14144546980601,1.54097341984001
0.635270541082164,-3.14159265358979,3.14159265358979,-2.96833987305014,-3.12762416644691,3.11751524891792,-3.14134436905147,-2.20591886363389
0.637274549098196,-3.14159265358979,3.14159265358979,-2.94522600250128,-3.12762416644691,3.12253127477408,-3.14103140288278,-2.20591886363389
0.639278557114228,-3.14159265358979,3.14159265358979,2.82655587648206,-3.12764065401719,3.12754730063024,-3.14071843671409,2.18455265755878
0.64128256513026,-3.14159265358979,3.14159265358979,3.04427758691914,-3.12764065401719,3.13399707349921,-3.13988401461195,2.18455265755878
0.643286573146293,-3.14159265358979,3.14159265358979,-2.86640875453077,-3.1276596911378,3.14091773260277,-3.13909838183987,-1.36468060636244
0.645290581162325,-3.14159265358979,3.14159265358979,3.0292072015585,-3.1276596911378,-3.13534691547325,-3.13831274906778,2.16593280257473
0.647294589178357,-3.14159265358979,3.14159265358979,2.80438655175927,-3.12742154308022,-3.12707665252018,-3.1367893446738,2.16593280257473
0.649298597194389,-3.14159265358979,3.14159265358979,-3.09244033858751,-3.12742154308022,-3.11910691171869,-3.13532700780423,-2.20296502363987
0.651302605210421,-3.14159265358979,3.14159265358979,-2.81521785690033,-3.12708086257006,-3.1111371709172,-3.13386467093466,-2.20296502363987
0.653306613226453,-3.14159265358979,3.14159265358979,3.06096511277421,-3.12708086257006,-3.10439791385447,-3.13303405022027,1.55923696456611
0.655310621242485,-3.14159265358979,3.14159265358979,-2.87524991538447,-3.12713563971706,-3.09936619930669,-3.13267082877546,-2.18314739762535
0.657314629258517,-3.14159265358979,3.14159265358979,-2.99277302814987,-3.12713563971706,-3.09433448475891,-3.13230760733065,-2.18314739762535
0.659318637274549,-3.14159265358979,3.14159265358979,2.92191557902847,-3.12723557810581,-3.0913567424015,-3.13235119725307,1.42018743123055
0.661322645290581,-3.14159265358979,3.14159265358979,-3.02506567469218,-3.12723557810581,-3.08913823840412,-3.132212899234,-1.52333752689426
0.663326653306613,-3.14159265358979,3.14159265358979,2.90092561342331,-3.12713765512673,-3.08691973440673,-3.13207460121493,1.39919746522489
0.665330661322645,-3.14159265358979,3.14159265358979,-2.91488649368132,-3.12713765512673,-3.08722393374654,-3.13179691128428,-2.61068403391297
0.667334669338677,-3.14159265358979,3.14159265358979,-3.04286468111673,-3.12715275468898,-3.08985616263291,-3.13185660780449,-2.61128477115407
0.669338677354709,-3.14159265358979,3.14159265358979,-2.98528933205115,-3.12715275468898,-3.09248839151927,-3.13191630432469,-2.61128477115407
0.671342685370741,-3.14159265358979,3.14159265358979,-3.00264892317108,-3.12761013357455,-3.09937420549924,-3.13287164210084,-2.61070770560077
0.673346693386774,-3.14159265358979,3.14159265358979,2.95360319619148,-3.12761013357455,-3.10794028481701,-3.13400305620453,2.12782464824941
0.675350701402806,-3.14159265358979,3.14159265358979,2.80377424859097,-3.12784254484653,-3.11650636413477,-3.13513447030823,2.12782464824941
0.677354709418838,-3.14159265358979,3.14159265358979,-2.90160777194772,-3.12784254484653,-3.1295310304132,-3.13756344332469,-2.17107117223029
0.67935871743487,-3.14159265358979,3.14159265358979,-2.9422627207965,-3.12796358380705,3.13658661842484,3.14090143474308,-2.17107117223029
0.681362725450902,-3.14159265358979,3.14159265358979,3.10857176686532,-3.12796358380705,3.11951896008329,3.13495659120984,2.36596204725435
0.683366733466934,-3.14159265358979,3.14159265358979,3.12508047592702,-3.12834739120324,3.09528308209461,3.12536730591683,2.36596204725435
0.685370741482966,-3.14159265358979,3.14159265358979,-2.93655839634196,-3.12834739120324,3.0537808371507,3.11401131643222,-2.10528840865829
0.687374749498998,-3.14159265358979,3.14159265358979,-2.77574656925826,-3.12909807049323,3.00865806059914,3.05375730843887,-2.10528840865829
0.68937875751503,2.74889357189107,2.74889357189107,2.59524829316386,2.7724538954043,2.95869128732686,2.99185296111708,2.58842854885904
0.691382765531062,2.74889357189107,2.74889357189107,2.58278748894998,2.77156292938732,2.90995309879056,2.9318535018075,2.58960635165344
0.693386773547094,2.74889357189107,2.74889357189107,3.08608268020017,2.77156292938732,2.86121491025426,2.87185404249791,2.61563027304191
0.695390781563126,2.74889357189107,2.74889357189107,2.79148272001671,2.77069585544446,2.81365425511465,2.81409857292601,2.61630189815931
0.697394789579158,2.74889357189107,2.74889357189107,2.80136978378463,2.77069585544446,2.76839218363462,2.75787625750828,2.61630189815931
0.69939879759519,2.74889357189107,2.74889357189107,2.51100627726397,2.66979200458747,2.72313011215458,2.70165394209055,2.6164050221775
0.701402805611222,2.74889357189107,2.74889357189107,2.72528263805088,2.66979200458747,2.68247436349957,2.67273559049823,2.6164050221775
0.703406813627255,2.74889357189107,2.74889357189107,2.63410459680469,2.66884589851989,2.64538382275124,2.64567594330025,2.61634663973337
0.705410821643287,2.74889357189107,2.74889357189107,2.51436152362175,2.66884589851989,2.6082932820029,2.61861629610228,2.61634663973337
0.707414829659319,2.74889357189107,2.74889357189107,2.52570422997937,2.66811592057466,2.57796184775917,2.61727038994143,2.61634039287182
0.709418837675351,2.74889357189107,2.74889357189107,2.4654802853147,2.66811592057466,2.57765276918268,2.61681257310609,2.61634039287182
0.711422845691383,2.74889357189107,2.74889357189107,2.68179082447085,2.66776701780019,2.57734369060618,2.61635475627076,2.61655278324853
0.713426853707415,2.74889357189107,2.74889357189107,2.7256339856898,2.66776701780019,2.58370003164938,2.61757816940596,2.61655278324853
0.715430861723447,2.74889357189107,2.74889357189107,2.23956111152219,2.66785721479844,2.59359140778188,2.62078990066756,2.61704304275941
0.717434869739479,2.74889357189107,2.74889357189107,2.38317932448384,2.66785721479844,2.60585591258549,2.6301984746637,2.61704304275941
0.719438877755511,2.74889357189107,2.74889357189107,2.89316355830498,2.66828538115113,2.62379945693421,2.64262048177446,2.61771090235063
0.721442885771543,2.74889357189107,2.74889357189107,2.42911616893925,2.66828538115113,2.64246160117136,2.65557014590266,2.61771090235063
0.723446893787575,2.74889357189107,2.74889357189107,2.46032929053741,2.66911189673705,2.66112374540851,2.66851981003085,2.61861725832431
0.725450901803607,2.74889357189107,2.74889357189107,2.90229597456304,2.69546370810204,2.68035331352632,2.681530876361,2.69546364968543
0.727454909819639,2.74889357189107,2.74889357189107,2.86506122906587,2.6963466702952,2.69653059668118,2.69218463249694,2.69634661187859
0.729458917835671,2.74889357189107,2.74889357189107,2.85565407586336,2.6963466702952,2.71270787983604,2.70283838863288,2.69634661187859
0.731462925851703,2.74889357189107,2.74889357189107,2.61495302557891,2.6968735303055,2.72415363555165,2.70741438225332,2.69687347188889
0.733466933867735,2.74889357189107,2.74889357189107,2.9321916785145,2.6968735303055,2.73218901490548,2.71026884807587,2.69687347188889
0.735470941883767,2.74889357189107,2.74889357189107,2.70666305974554,2.69714628795703,2.74022439425931,2.71312331389843,2.69714622954042
0.7374749498998,2.74889357189107,2.74889357189107,2.74065721840732,2.69714628795703,2.74211585678791,2.71351641429891,2.69714622954042
0.739478957915832,2.74889357189107,2.74889357189107,2.89817780140677,2.69703346125095,2.74111023409043,2.71342314266759,2.69703340283434
0.741482965931864,2.74889357189107,2.74889357189107,2.6958763274002,2.69703346125095,2.74010461139295,2.71332987103627,2.69703340283434
0.743486973947896,2.74889357189107,2.74889357189107,3.06410880873581,2.69643971126211,2.73359433403237,2.71100433161291,2.6964396528455
0.745490981963928,2.74889357189107,2.74889357189107,2.7751257356206,2.69643971126211,2.72656956341325,2.70806776108542,2.6964396528455
0.74749498997996,2.74889357189107,2.74889357189107,2.60570025013105,2.69556629313449,2.71954479279414,2.70513119055794,2.69556623471788
0.749498997995992,2.74889357189107,2.74889357189107,2.59869905825426,2.69556629313449,2.7125725976307,2.7022604943141,2.69556623471788
0.751503006012024,2.74889357189107,2.74889357189107,2.41962089704543,2.69499353424508,2.70822016578115,2.70079587900992,2.69499347582847
0.753507014028056,2.74889357189107,2.74889357189107,2.71164550240699,2.69499353424508,2.70386773393159,2.69933126370575,2.69499347582847
0.755511022044088,2.74889357189107,2.74889357189107,2.44072101441722,2.69489953576097,2.70326579119542,2.69932924432903,2.69489947734436
0.75751503006012,2.74889357189107,2.74889357189107,2.92277002846757,2.69489953576097,2.70339829360406,2.69930355258235,2.69489947734436
0.759519038076152,2.74889357189107,2.74889357189107,2.62719130668277,2.69486674091591,2.70353079601271,2.69927786083567,2.6948666824993
0.761523046092184,2.74889357189107,2.74889357189107,2.63412274651915,2.69486674091591,2.70507472020402,2.69936425355489,2.6948666824993
0.763527054108216,2.74889357189107,2.74889357189107,2.76212218851426,2.69470362066501,2.7062743237561,2.69940652927814,2.6947035622484
0.765531062124248,2.74889357189107,2.74889357189107,2.57267967120055,2.69470362066501,2.70747392730818,2.6994488050014,2.6947035622484
0.767535070140281,2.74889357189107,2.74889357189107,2.70406805675529,2.69462428849578,2.70764482016179,2.6995269672823,2.69462423007918
0.769539078156313,2.74889357189107,2.74889357189107,2.73336670115055,2.69462428849578,2.70547116713697,2.69958032343056,2.69462423007918
0.771543086172345,2.74889357189107,2.74889357189107,2.76684780373832,2.69454694787901,2.70329751411215,2.69963367957881,2.6945468894624
0.773547094188377,2.74889357189107,2.74889357189107,2.58672389991083,2.69454694787901,2.69653746954387,2.69916122976925,2.6945468894624
0.775551102204409,2.74889357189107,2.74889357189107,3.11674245496725,2.69413644848519,2.68565361837558,2.69633786283074,2.69413639006859
0.777555110220441,2.74889357189107,2.74889357189107,2.667654966504,2.69413644848519,2.66243628573611,2.66729112138095,2.69413639006859
0.779559118236473,2.74889357189107,2.74889357189107,2.86066577059903,2.69336984195379,2.63227368172558,2.63428715405862,2.69336978353718
0.781563126252505,2.35619449019234,2.35619449019234,2.88617567680021,2.69336984195379,2.6006223010166,2.6003908567848,2.69336978353718
0.783567134268537,2.35619449019234,2.35619449019234,2.42937599773243,2.4516612824346,2.56897092030763,2.56649455951098,2.4516612824346
0.785571142284569,2.35619449019234,2.35619449019234,2.16052378108903,2.4516612824346,2.5362982266646,2.53271765599266,2.4516612824346
0.787575150300601,2.35619449019234,2.35619449019234,2.32972546724571,2.45084132783605,2.50584492765647,2.50076600002125,2.45084132783605
0.789579158316633,2.35619449019234,2.35619449019234,2.56497137639857,2.45084132783605,2.47539162864835,2.46881434404985,2.45084132783605
0.791583166332665,2.35619449019234,2.35619449019234,2.57743437503352,2.45015542624977,2.44733766798852,2.43848676590968,2.45015542624977
0.793587174348697,2.35619449019234,2.35619449019234,2.64328468828051,2.45015542624977,2.42119704921117,2.40881128219657,2.45015542624977
0.795591182364729,2.35619449019234,2.35619449019234,2.18185440548813,2.35591280008453,2.39505643043382,2.37913579848346,2.35591280008453
0.797595190380762,2.35619449019234,2.35619449019234,2.2343065988139,2.35591280008453,2.37391825574386,2.35204939199207,2.35591280008453
0.799599198396794,2.35619449019234,2.35619449019234,2.18402860230679,2.3552380800126,2.35659114341801,2.3429376178125,2.3552380800126
0.801603206412826,2.35619449019234,2.35619449019234,2.27886131129998,2.3552380800126,2.33926403109216,2.3396402119054,2.3552380800126
0.803607214428858,2.35619449019234,2.35619449019234,2.25123815375038,2.35493501248842,2.32803216870262,2.33935549184652,2.35493501248842
0.80561122244489,2.35619449019234,2.35619449019234,2.7016657101457,2.35493501248842,2.31825562820256,2.33884630084241,2.35493501248842
0.807615230460922,2.35619449019234,2.35619449019234,2.18215658043134,2.35463754202256,2.30847908770251,2.3383371098383,2.35463754202256
0.809619238476954,2.35619449019234,2.35619449019234,2.40644877595131,2.35463754202256,2.30245955242253,2.33801105608408,2.35463754202256
0.811623246492986,2.35619449019234,2.35619449019234,2.29091687809437,2.35421373264306,2.29886694236321,2.3377545038467,2.35421373264306
0.813627254509018,2.35619449019234,2.35619449019234,2.44706856956121,2.35421373264306,2.2952743323039,2.33749795160932,2.35421373264306
0.81563126252505,2.35619449019234,2.35619449019234,1.84238647773821,2.35412926765274,2.29718806932255,2.33794094427117,2.35412926765274
0.817635270541082,2.35619449019234,2.35619449019234,2.13398438929721,2.35412926765274,2.30150827995785,2.33922218044784,2.35412926765274
0.819639278557114,2.35619449019234,2.35619449019234,2.26137550792393,2.35462105511735,2.30582849059314,2.3405034166245,2.35462105511735
0.821643286573146,2.35619449019234,2.35619449019234,2.65732598690584,2.35462105511735,2.31275037228101,2.34202574723784,2.35462105511735
0.823647294589178,2.35619449019234,2.35619449019234,2.25514256139796,2.35520109509813,2.31895384346837,2.3429568012229,2.35520109509813
0.82565130260521,2.35619449019234,2.35619449019234,2.62874508338196,2.35520109509813,2.32515731465572,2.34388785520796,2.35520109509813
0.827655310621243,2.35619449019234,2.35619449019234,2.29974874798572,2.35545213561248,2.33119356625815,2.34435563401504,2.35545213561248
0.829659318637275,2.35619449019234,2.35619449019234,2.22258337174369,2.35545213561248,2.33745357331596,2.34545660741151,2.35545213561248
0.831663326653307,2.35619449019234,2.35619449019234,2.28359761794325,2.35569367370469,2.34371358037376,2.34655758080797,2.35569367370469
0.833667334669339,2.35619449019234,2.35619449019234,2.01600168288268,2.35569367370469,2.35054329438197,2.34908937768293,2.35569367370469
0.835671342685371,2.35619449019234,2.35619449019234,2.48352525922402,2.35626299084737,2.35606088524499,2.3513030453778,2.35626299084737
0.837675350701403,2.35619449019234,2.35619449019234,2.45616490806232,2.35626299084737,2.36157847610801,2.35351671307268,2.35626299084737
0.839679358717435,2.35619449019234,2.35619449019234,2.56296036025935,2.35675866520703,2.36386294121276,2.35446238325692,2.35675866520703
0.841683366733467,2.35619449019234,2.35619449019234,2.56680923013937,2.35675866520703,2.3639765408965,2.35479404199427,2.35675866520703
0.843687374749499,2.35619449019234,2.35619449019234,2.37323106954665,2.3568359756758,2.36409014058024,2.35512570073163,2.3568359756758
0.845691382765531,2.35619449019234,2.35619449019234,2.52184510288885,2.3568359756758,2.36135874421189,2.35483246218792,2.3568359756758
0.847695390781563,2.35619449019234,2.35619449019234,2.46609093564633,2.35651959363605,2.35964211558308,2.35448102353764,2.35651959363605
0.849699398797595,2.35619449019234,2.35619449019234,2.11521133319535,2.35651959363605,2.35792548695427,2.35412958488736,2.35651959363605
0.851703406813627,2.35619449019234,2.35619449019234,2.31975989697094,2.35620534475227,2.35882115055243,2.35427574838331,2.35620534475227
0.853707414829659,2.35619449019234,2.35619449019234,1.9207370950618,2.35620534475227,2.36324671823848,2.35683330352869,2.35620534475227
0.855711422845691,2.35619449019234,2.35619449019234,2.16265816050605,2.35660264591453,2.36767228592454,2.36001443686162,2.35660264591453
0.857715430861723,2.35619449019234,2.35619449019234,2.3786329603307,2.35660264591453,2.37655965014934,2.36637329532345,2.35660264591453
0.859719438877755,2.35619449019234,2.35619449019234,2.41181967357088,2.35743331195343,2.38485332899383,2.37254149835,2.35743331195343
0.861723446893788,2.35619449019234,2.35619449019234,2.36994948834346,2.35743331195343,2.39314700783833,2.37870970137654,2.35743331195343
0.86372745490982,2.35619449019234,2.35619449019234,2.2804371588051,2.35825404749324,2.40008793409384,2.38445144770397,2.35825404749324
0.865731462925852,2.35619449019234,2.35619449019234,2.68373834824893,2.35825404749324,2.40303424625493,2.38800650439422,2.35825404749324
0.867735470941884,2.35619449019234,2.35619449019234,2.74595196378168,2.35856481932628,2.40598055841603,2.39156156108447,2.35856481932628
0.869739478957916,2.35619449019234,2.35619449019234,2.22745511081403,2.35856481932628,2.38402162056212,2.39256584808015,2.35856481932628
0.871743486973948,2.35619449019234,2.35619449019234,2.40288631609736,2.35838203914682,2.35839530243121,2.39223403242594,2.35838203914682
0.87374749498998,2.35619449019234,2.35619449019234,3.0344067280746,2.35838203914682,2.3327689843003,2.39190221677172,2.35838203914682
0.875751503006012,2.13360434179146,2.13360434179146,2.21222292819531,2.21222292546486,1.93425664469503,1.94886284159299,2.21222292546486
0.877755511022044,1.57863333070732,1.57863333070732,1.2582177560383,1.25821775751955,1.53735186428913,1.50676815961849,1.25821775751955
0.879759519038076,1.07712758430985,1.07712758430985,0.989468614276546,0.989468613303537,1.14044708388322,1.06467347764398,0.989468613303537
0.881763527054108,0.62572696189355,0.62572696189355,0.364576020952394,0.364576024873491,0.747693650901817,0.625164138666744,0.364576024873491
0.88376753507014,0.221116795224717,0.221116795224717,0.214836544173484,0.214836541218641,0.359499046840331,0.254678672597024,0.214836541218641
0.885771543086172,-0.139961221400499,-0.139961221400499,-0.00305819196746779,-0.00305819159689102,-0.0286955572211551,-0.0764663368528079,-0.00305819159689102
0.887775551102204,-0.460698182112811,-0.460698182112811,-0.469059535779386,-0.469059536238733,-0.409715352736564,-0.404066441310585,-0.469059536238733
0.889779559118236,-0.744207261782632,-0.744207261782632,-0.660873208540623,-0.6608732078235,-0.731843593107158,-0.730017637997675,-0.6608732078235
0.891783567134269,-0.993513257926275,-0.993513257926275,-1.39982452116919,-1.08941883687872,-1.05397183347775,-1.05596883468477,-1.08941883687872
0.893787575150301,-1.21154249745419,-1.21154249745419,-0.779013155197996,-1.08941883687872,-1.19491305045932,-1.19398741292443,-1.08941883687872
0.895791583166333,-1.40111322931391,-1.40111322931391,-1.44806840539755,-1.38576297546258,-1.33291934802038,-1.33082494510994,-1.38576297546258
0.897795591182365,-1.56492662832027,-1.56492662832027,-1.32345754988269,-1.38576297546258,-1.47092564558144,-1.46766247729544,-1.38576297546258
0.899799599198397,-1.70555853775838,-1.70555853775838,-1.66764955705846,-1.66764955319575,-1.60247443384916,-1.60155815571015,-1.66764955319575
0.901803607214429,-1.82545207828753,-1.82545207828753,-1.80322975086501,-1.80322970998102,-1.73033299359748,-1.73353335312259,-1.80322970998102
0.903807615230461,-1.92691124785872,-1.92691124785872,-1.89476019420034,-1.87195336751476,-1.85333395471567,-1.85484836646666,-1.87195336751476
0.905811623246493,-2.01209563138416,-2.01209563138416,-1.8491465628658,-1.87195336751476,-1.92862844917584,-1.92879949626327,-1.87195336751476
0.907815631262525,-2.08301632939552,-2.08301632939552,-2.10436474756697,-2.03972075735942,-2.00038953525282,-2.00098392186829,-2.03972075735942
0.909819639278557,-2.14153320158505,-2.14153320158505,-1.97507699982757,-2.03972075735942,-2.04464350262032,-2.04599655370231,-2.03972075735942
0.911823647294589,-2.18935350371425,-2.18935350371425,-2.14344636048376,-2.09029296959377,-2.08184851915837,-2.08753891853841,-2.09029296959377
0.913827655310621,-2.22803197479326,-2.22803197479326,-2.03713974812307,-2.09029296959377,-2.11575994249767,-2.1276464567294,-2.09029296959377
0.915831663326653,-2.25897240573723,-2.25897240573723,-2.14690144098235,-2.14690136097835,-2.14967136583697,-2.16775399492039,-2.14690136097835
0.917835671342685,-2.28343069115003,-2.28343069115003,-2.45748747111077,-2.21884564034964,-2.17653817751514,-2.20446985606434,-2.21884564034964
0.919839679358717,-2.30251933296865,-2.30251933296865,-2.25421786795304,-2.21980952498726,-2.20013907852429,-2.21882923387698,-2.21980952498726
0.92184368737475,-2.31721332919518,-2.31721332919518,-2.30188818024266,-2.21980952498726,-2.22373997953343,-2.23318861168963,-2.21980952498726
0.923847695390782,-2.32835734392155,-2.32835734392155,-2.0230106146369,-2.22065002150481,-2.24306756150267,-2.24617431584037,-2.22065002150481
0.925851703406814,-2.33667401769589,-2.33667401769589,-2.06316355384283,-2.22065002150481,-2.2620477218613,-2.25960305500371,-2.22065002150481
0.927855711422846,-2.34277324166785,-2.34277324166785,-2.33575841657078,-2.25337106396418,-2.28102788221993,-2.27303179416705,-2.25337106396418
0.929859719438878,-2.34716218681186,-2.34716218681186,-2.36023572693164,-2.25337106396418,-2.29801645430411,-2.28600984398097,-2.25337106396418
0.93186372745491,-2.3502558529611,-2.3502558529611,-2.06523192302749,-2.25448431939784,-2.31418906140924,-2.29832080023113,-2.25448431939784
0.933867735470942,-2.35238788353286,-2.35238788353286,-2.53116532693374,-2.32827855004736,-2.33036166851437,-2.31063175648129,-2.32827855004736
0.935871743486974,-2.35382138270372,-2.35382138270372,-2.17122161676994,-2.32942185518673,-2.34466695504591,-2.32149134940187,-2.32942185518673
0.937875751503006,-2.35475947407695,-2.35475947407695,-2.51453502695201,-2.32942185518673,-2.35725717465696,-2.330581848314,-2.32942185518673
0.939879759519038,-2.35535535467273,-2.35535535467273,-2.30296485981325,-2.33040698809193,-2.369847394268,-2.33967234722613,-2.33040698809193
0.94188376753507,-2.35572162563461,-2.35572162563461,-2.39852714610533,-2.33040698809193,-2.3792868424028,-2.34574036473386,-2.33040698809193
0.943887775551102,-2.35593872060737,-2.35593872060737,-2.25850949293419,-2.33127165905426,-2.38707545874593,-2.35056505589526,-2.33127165905426
0.945891783567134,-2.35606230233528,-2.35606230233528,-2.43723239976551,-2.33127165905426,-2.39486407508905,-2.35538974705667,-2.33127165905426
0.947895791583166,-2.35612955447221,-2.35612955447221,-2.43359547954732,-2.3319758564986,-2.39886263996955,-2.35756802016826,-2.3319758564986
0.949899799599198,-2.35616435464192,-2.35616435464192,-2.32372606493082,-2.3319758564986,-2.40024502711978,-2.35883291292405,-2.3319758564986
0.95190380761523,-2.35618137148983,-2.35618137148983,-2.8965783537064,-2.3320789169118,-2.40162741427,-2.36009780567985,-2.3320789169118
0.953907815631262,-2.35618917774099,-2.35618917774099,-2.04868051086393,-2.3320789169118,-2.39873407738526,-2.36008699104184,-2.3320789169118
0.955911823647295,-2.35619250862649,-2.35619250862649,-2.54877066089615,-2.3317956565986,-2.39419796458675,-2.35916144040694,-2.3317956565986
0.957915831663327,-2.35619381731971,-2.35619381731971,-2.30571790943817,-2.3317956565986,-2.38966185178824,-2.35823588977204,-2.3317956565986
0.959919839679359,-2.3561942850999,-2.3561942850999,-2.52276198012811,-2.3314330427159,-2.38190413163501,-2.35510714949036,-2.3314330427159
0.961923847695391,-2.35619443502877,-2.35619443502877,-2.14452718749002,-2.3314330427159,-2.37382138255255,-2.35132262114353,-2.3314330427159
0.963927855711423,-2.35619447736937,-2.35619447736937,-2.87201663369189,-2.33066129399621,-2.36573863347008,-2.34753809279669,-2.33066129399621
0.965931863727455,-2.35619448768175,-2.35619448768175,-2.05952300591481,-2.33066129399621,-2.3574399738928,-2.34313019026851,-2.33066129399621
0.967935871743487,-2.35619448979144,-2.35619448979144,-2.14627338493574,-2.32996755054099,-2.35060955151967,-2.33964221131868,-2.32996755054099
0.969939879759519,-2.35619449014222,-2.35619449014222,-2.34413241153052,-2.32996755054099,-2.34377912914654,-2.33615423236884,-2.32996755054099
0.971943887775551,-2.35619449018769,-2.35619449018769,-2.45456274798329,-2.3295213201294,-2.33881980066829,-2.33359533651346,-2.3295213201294
0.973947895791583,-2.35619449019204,-2.35619449019204,-2.36065212544194,-2.3295213201294,-2.33501003662695,-2.33165366063791,-2.3295213201294
0.975951903807615,-2.35619449019233,-2.35619449019233,-2.10479169300367,-2.32911780294841,-2.3312002725856,-2.32971198476237,-2.32911780294841
0.977955911823647,-2.35619449019234,-2.35619449019234,-2.0935998342581,-2.32911780294841,-2.32994657074236,-2.32917450283993,-2.32911780294841
0.979959919839679,-2.35619449019234,-2.35619449019234,-2.4035405020212,-2.32899283835074,-2.32871654429579,-2.32885888965082,-2.32899283835074
0.981963927855711,-2.35619449019234,-2.35619449019234,-2.35955094701128,-2.32899283835074,-2.32748651784921,-2.32854327646171,-2.32899283835074
0.983967935871743,-2.35619449019234,-2.35619449019234,-2.39108858770593,-2.32892226096892,-2.32548605993806,-2.32869197694462,-2.32892226096892
0.985971943887776,-2.35619449019234,-2.35619449019234,-2.32137501022879,-2.32892226096892,-2.3216081801441,-2.32834769953852,-2.32892226096892
0.987975951903808,-2.35619449019234,-2.35619449019234,-2.55326008018293,-2.32860956849549,-2.31773030035014,-2.32800342213242,-2.32860956849549
0.98997995991984,-2.35619449019234,-2.35619449019234,-2.4055019734851,-2.32860956849549,-2.31066679932041,-2.32686013128272,-2.32860956849549
0.991983967935872,-2.35619449019234,-2.35619449019234,-2.24823761981467,-2.32813014510805,-2.30244725622797,-2.32581818212154,-2.32813014510805
0.993987975951904,-2.35619449019234,-2.35619449019234,-2.31581551957383,-2.32813014510805,-2.29422771313553,-2.32477623296035,-2.32813014510805
0.995991983967936,-2.35619449019234,-2.35619449019234,-2.24938076850927,-2.32772586514418,-2.28423221776683,-2.32403528225346,-2.32772586514418
0.997995991983968,-2.35619449019234,-2.35619449019234,-2.34597394564305,-2.32772586514418,-2.27410941287761,-2.32337201729519,-2.32772586514418
1,-2.35619449019234,-2.35619449019234,-2.09897368540917,-2.32755975918476,-2.26398660798839,-2.32270875233691,-2.32755975918476
